-0.18731622 0.02908778 0.86362706
-0.18726566 0.01806086 0.84798807
-0.19011271 0.00895031 0.85249959
-0.19390771 0.00040328 0.87250445
-0.19309477 -0.00519456 0.87812538
-0.18885916 -0.00627980 0.86641137
-0.18814802 -0.00348232 0.86794183
-0.18853878 -0.00170311 0.87309522
-0.18785811 -0.00033511 0.87644240
-0.18716965 0.00074626 0.88167827
-0.18427889 0.00074677 0.88153536
-0.17992826 -0.00108120 0.87766653
-0.17531369 -0.00217549 0.87232026
-0.17125217 -0.00323191 0.87710499
-0.16825670 -0.00360938 0.88208577
-0.16246165 -0.00398324 0.87779230
-0.15747836 -0.00467181 0.87592831
-0.15109592 -0.00606274 0.87412461
-0.14628841 -0.00791397 0.87970565
-0.13830956 -0.00967704 0.87461292
-0.13041245 -0.01065584 0.86707299
-0.12193488 -0.01379726 0.86220996
-0.11594195 -0.01595037 0.86224712
-0.11010824 -0.01850222 0.86698853
-0.10298285 -0.02011469 0.86051645
-0.09782722 -0.02201010 0.86528599
-0.09114938 -0.02219827 0.85900204
-0.08524178 -0.02236935 0.85254159
-0.08058931 -0.02205882 0.85095773
-0.07651042 -0.02158318 0.86112734
-0.07142501 -0.02152808 0.85993792
-0.06556711 -0.02113732 0.85680703
-0.06119498 -0.02155366 0.86026202
-0.05544997 -0.02140797 0.85194782
-0.05090251 -0.02143899 0.85235087
-0.04670505 -0.02143800 0.85230100
-0.04211729 -0.02077446 0.85200163
-0.03743727 -0.01980737 0.85782591
-0.03295907 -0.01924985 0.84982472
-0.02874771 -0.01933322 0.85112329
-0.02455643 -0.01933261 0.85110755
-0.02176227 -0.01933225 0.85110048
-0.01858712 -0.01936074 0.85141673
-0.01540392 -0.02001520 0.85189005
-0.01294562 -0.01953524 0.84526082
-0.01120866 -0.01928143 0.85014123
-0.00841787 -0.01928117 0.85014379
-0.00632087 -0.01941938 0.85219363
-0.00385151 -0.01844450 0.84668871
0.00001877 -0.01850383 0.84777138
0.00419270 -0.01850369 0.84779125
0.00773049 -0.01842425 0.84614015
0.01155160 -0.01852550 0.84813195
0.01433520 -0.01852571 0.84816098
0.01783552 -0.01857063 0.84900078
0.02048236 -0.01746943 0.84445512
0.02358922 -0.01738565 0.84311197
0.02781687 -0.01771243 0.84508850
0.03081451 -0.01806737 0.84157177
0.03408955 -0.01892536 0.84560063
0.03645506 -0.01879092 0.84359924
0.03899571 -0.01886712 0.84470269
0.04187426 -0.01779831 0.84666031
0.04398671 -0.01669631 0.84231097
0.04730988 -0.01610032 0.84487974
0.05055832 -0.01593601 0.84207985
0.05465664 -0.01611844 0.84508769
0.05815677 -0.01696762 0.83727261
0.06244281 -0.01807458 0.84239226
0.06583969 -0.01890266 0.83449508
0.06976235 -0.01945492 0.84243624
0.07189271 -0.02015657 0.83242885
0.07599994 -0.01999010 0.83883894
0.07871618 -0.01972699 0.83840982
0.08047106 -0.01878808 0.83242182
0.08106640 -0.01773502 0.82904903
0.08201233 -0.01852551 0.83742443
0.08224694 -0.01909938 0.83722829
0.08188513 -0.01916876 0.83036243
0.08188513 -0.01916876 0.83036243
0.08206156 -0.01723982 0.82860790
0.08369161 -0.01553052 0.83692689
0.08359846 -0.01331474 0.82872325
0.08369197 -0.01315740 0.82942493
0.08383147 -0.01273025 0.83043696
0.08499190 -0.01107217 0.83815132
0.08550701 -0.00813257 0.82930075
0.08730397 -0.00442105 0.83276476
0.08856869 0.00064821 0.82488773
0.08949702 0.00590242 0.82333564
0.09172518 0.01113727 0.82478849
0.09276891 0.01582511 0.81889440
-0.04780089 -0.15257019 0.85682003
-0.04765461 -0.15650309 0.85195363
-0.04835213 -0.15973069 0.84828840
-0.04972286 -0.15949294 0.84528387
-0.05031010 -0.16082265 0.84779150
-0.04976344 -0.16260786 0.84863642
-0.04892227 -0.16569171 0.85281503
-0.04795290 -0.16603040 0.84697232
-0.04732656 -0.16772123 0.84623666
-0.04710973 -0.17017246 0.85003688
-0.04672585 -0.17025804 0.85037138
-0.04623767 -0.16842159 0.84614646
-0.04635110 -0.16718170 0.85114428
-0.04740264 -0.16460571 0.84951695
-0.04840666 -0.16145899 0.84774884
-0.04989535 -0.15936472 0.84969867
-0.05113815 -0.15783852 0.85463888
-0.05251863 -0.15361876 0.84877670
-0.05354543 -0.15129240 0.84735367
-0.05445953 -0.14734254 0.83895703
-0.05568354 -0.14566056 0.84320629
-0.05695826 -0.14350735 0.84618314
-0.05802697 -0.13988659 0.84746632
-0.05947201 -0.13656547 0.84811466
-0.06144137 -0.13212402 0.84639960
-0.06213270 -0.12968437 0.84176073
-0.06356560 -0.12719687 0.83650778
-0.06437373 -0.12570553 0.83832911
-0.06581645 -0.12382042 0.83945561
-0.06660589 -0.12251188 0.84240053
-0.06754429 -0.11983947 0.84006801
-0.06880947 -0.11691361 0.83447877
-0.07106253 -0.11545483 0.84105022
-0.07227570 -0.11156140 0.83524293
-0.07361498 -0.10877916 0.83481038
-0.07545268 -0.10422398 0.82839138
-0.07697576 -0.10137659 0.83047573
-0.07859573 -0.09795603 0.83027498
-0.08030283 -0.09516311 0.82958452
-0.08261356 -0.09108365 0.82944918
-0.08448888 -0.08616921 0.82455350
-0.08722969 -0.08037261 0.82083709
-0.08940546 -0.07691477 0.82375815
-0.09034168 -0.07284554 0.81546999
-0.09241939 -0.06996444 0.81728696
-0.09433023 -0.06654552 0.81643703
-0.09509909 -0.06376678 0.81107850
-0.09697327 -0.06251283 0.81610653
-0.09735376 -0.05977917 0.81101234
-0.09722115 -0.05691280 0.80371980
-0.09928302 -0.05435209 0.80432605
-0.10057603 -0.05073064 0.80551343
-0.10148709 -0.04706486 0.79839196
-0.10304151 -0.04405092 0.79834778
-0.10425910 -0.04113649 0.79760194
-0.10468223 -0.03826575 0.79345570
-0.10626954 -0.03620037 0.79821799
-0.10649720 -0.03423858 0.79767053
-0.10670371 -0.03186611 0.79755985
-0.10602476 -0.02974699 0.79180979
-0.10619100 -0.02608657 0.79139793
-0.10745290 -0.02211561 0.78543088
-0.10844458 -0.01916992 0.78634826
-0.10926257 -0.01595410 0.78579497
-0.10951426 -0.01394903 0.77962571
-0.10987118 -0.01143282 0.78032723
-0.11165540 -0.00965689 0.78436909
-0.11088422 -0.00655948 0.77341882
-0.11148846 -0.00405528 0.77453206
-0.11239315 -0.00182643 0.77845525
-0.11203169 0.00008340 0.76884619
-0.11288918 0.00188611 0.77241753
-0.11233025 0.00424090 0.76755824
-0.11281708 0.00571945 0.76824033
-0.11275064 0.00791696 0.76322234
-0.11358241 0.00950202 0.76761931
-0.11309023 0.01039776 0.76386749
-0.11301944 0.01202828 0.76179518
-0.11242200 0.01374913 0.75718170
-0.11301959 0.01600763 0.76190091
-0.11365651 0.01806031 0.76166821
-0.11315768 0.02075107 0.75650530
-0.11312932 0.02322374 0.75630243
-0.11260597 0.02562357 0.75086501
-0.11352217 0.02750763 0.75483867
-0.11301777 0.02930000 0.75097154
-0.11322425 0.03084302 0.74924502
-0.11364170 0.03152194 0.75259622
-0.11327267 0.03231335 0.74972496
-0.11325937 0.03353697 0.74963330
-0.11300302 0.03625428 0.74638995
-0.11381683 0.03768251 0.75264556
-0.11328011 0.03945673 0.75163382
-0.11285401 0.04114432 0.74714125
-0.11395438 0.04188644 0.75064173
-0.11395438 0.04188644 0.75064173
-0.11224771 0.04231513 0.74573036
-0.11243127 0.04311257 0.75019502
-0.11076257 0.04379314 0.75127327
-0.10898877 0.04471601 0.75024878
-0.10803778 0.04620837 0.75589361
-0.10677315 0.04743623 0.75567450
-0.10520388 0.04889868 0.75999630
-0.10330311 0.04914575 0.75782537
-0.10141950 0.05012488 0.75953732
-0.09879416 0.05056998 0.75592545
-0.09656051 0.05105747 0.75826429
-0.09379480 0.05136940 0.75941412
-0.08970062 0.05120434 0.76017033
-0.08747323 0.05079977 0.76471359
-0.08337838 0.04999777 0.76077023
-0.08091484 0.04989087 0.76839905
-0.07712669 0.04810125 0.76522352
-0.07437157 0.04719196 0.76718937
-0.07079539 0.04657398 0.76678389
-0.06849941 0.04681997 0.77272614
-0.06445512 0.04603208 0.76862229
-0.06140707 0.04597761 0.76705554
-0.05901608 0.04685530 0.76953341
-0.05728486 0.04702261 0.77309507
-0.05464289 0.04751854 0.76998116
-0.05212657 0.04781034 0.77082008
-0.05095814 0.04809810 0.77742610
-0.04839170 0.04907630 0.77620757
-0.04584011 0.04907227 0.77608535
-0.04270860 0.04930297 0.77261811
-0.04016968 0.04962331 0.77923946
-0.03743999 0.04970826 0.78061010
-0.03449664 0.04912562 0.77412484
-0.03187777 0.04900390 0.77940913
-0.02990548 0.04862755 0.77652247
-0.02806594 0.04869609 0.77829180
-0.02595228 0.04808424 0.78141597
-0.02338366 0.04765859 0.78302576
-0.02147219 0.04831973 0.78335394
-0.01928787 0.04788446 0.77441525
-0.01761632 0.04831825 0.78329848
-0.01633123 0.04831798 0.78328584
-0.01378981 0.04785646 0.78157636
-0.01184381 0.04768848 0.78350635
-0.00966643 0.04686580 0.78850488
-0.00770186 0.04680602 0.78636289
-0.00536871 0.04708074 0.78409690
-0.00286631 0.04677822 0.78324149
-0.00092551 0.04705690 0.78372619
0.00164589 0.04705957 0.78378385
0.00332836 0.04735279 0.79057439
0.00487569 0.04746333 0.79267485
0.00617678 0.04746555 0.79272557
0.00784962 0.04709546 0.79034541
0.01023425 0.04731987 0.79498654
0.01211416 0.04729302 0.79464341
0.01472371 0.04729780 0.79475823
0.01723788 0.04683418 0.79325171
0.01908219 0.04710457 0.80025621
0.02073783 0.04645743 0.79620408
0.02189491 0.04534833 0.79502872
0.02335329 0.04515650 0.79632965
0.02458670 0.04472830 0.79554462
0.02514191 0.04509915 0.79505649
0.02597037 0.04516184 0.79647284
0.02727937 0.04516468 0.79654920
0.02789300 0.04633906 0.79699203
0.02938995 0.04789194 0.79819859
0.03012543 0.04905240 0.79287009
0.03200108 0.05279768 0.79805897
0.03072406 0.05951590 0.79833585
0.02866827 0.06815823 0.79569268
0.02922676 0.07064891 0.79314130
0.03336734 0.06727453 0.78338636
-0.00650222 -0.00612916 0.74224979
-0.01015591 -0.01276708 0.74146582
-0.01317515 -0.01481685 0.73978684
-0.01599590 -0.01468745 0.75983745
-0.01763282 -0.01264394 0.73701529
-0.02092060 -0.01253237 0.74659335
-0.02083856 -0.01256803 0.73302072
-0.02245891 -0.01438004 0.73628191
-0.02407143 -0.02233183 0.73632760
-0.02314937 -0.03081324 0.74217534
-0.02166987 -0.02966444 0.73150235
-0.02015012 -0.01757831 0.74142428
-0.01978958 -0.00114111 0.74268580
-0.01935013 0.01312150 0.73846118
-0.01894865 0.02488104 0.73608854
-0.01790944 0.03347737 0.73249034
-0.01731883 0.03991033 0.73478100
-0.01669036 0.04466650 0.73361445
-0.01547839 0.04859625 0.73395719
-0.01449977 0.05078146 0.73055129
-0.01387385 0.05347786 0.73062350
-0.01304051 0.05616893 0.73462323
-0.01302658 0.05888978 0.73483243
-0.01264939 0.06121413 0.73015967
-0.01266238 0.06277302 0.73097204
-0.01227707 0.06358592 0.72642886
-0.01203335 0.06538445 0.72991355
-0.01166308 0.06653531 0.72610026
-0.01143871 0.06818609 0.73117321
-0.01145284 0.06967599 0.73117628
-0.01082287 0.07167379 0.73006947
-0.01082277 0.07287162 0.73008404
-0.01022783 0.07388413 0.73130859
-0.01022547 0.07568070 0.73130113
-0.00961385 0.07736330 0.73021597
-0.00925595 0.07844515 0.72635433
-0.00922574 0.08022494 0.72631356
-0.00901393 0.08257431 0.73143120
-0.00897923 0.08418743 0.72982545
-0.00875087 0.08627244 0.73504336
-0.00838034 0.08760291 0.73098611
-0.00801924 0.08884100 0.72635512
-0.00776743 0.09045313 0.72985308
-0.00716674 0.09267389 0.73095772
-0.00655825 0.09492469 0.72987766
-0.00629622 0.09677218 0.73493719
-0.00501448 0.09676109 0.72578880
-0.00474358 0.09861029 0.73078783
-0.00440815 0.10037276 0.72618918
-0.00439384 0.10242640 0.72609375
-0.00439118 0.10420007 0.72605621
-0.00351543 0.10632647 0.73048241
-0.00318977 0.10743335 0.72593137
-0.00230660 0.10957706 0.73034380
-0.00197182 0.11149973 0.72540821
-0.00167231 0.11328028 0.72171553
-0.00136273 0.11729329 0.72474490
-0.00134951 0.11931443 0.72452130
-0.00134696 0.12107514 0.72445793
-0.00134657 0.12226144 0.72449152
-0.00103835 0.12246588 0.72047670
-0.00012178 0.12589165 0.72337320
0.00045735 0.12822746 0.72323273
0.00134167 0.13055017 0.71987641
0.00166353 0.13395692 0.72250057
0.00225327 0.13612963 0.72318815
0.00286824 0.13788504 0.72154296
0.00285634 0.14003989 0.72211481
0.00314056 0.14067901 0.71788782
0.00379310 0.14386374 0.72512082
0.00407002 0.14413595 0.72056322
0.00407938 0.14546352 0.71994802
0.00434287 0.14649477 0.71645385
0.00466334 0.14855606 0.71938087
0.00434443 0.14821765 0.71635125
0.00466392 0.14973280 0.71942542
0.00434401 0.14883860 0.71654057
0.00435507 0.14785036 0.71593709
0.00406800 0.14825803 0.72078707
0.00348929 0.14738786 0.71938143
0.00318667 0.14668801 0.71593909
0.00259986 0.14585814 0.71472573
0.00174562 0.14621524 0.71930290
0.00141020 0.14444111 0.71773674
-0.00004215 0.14194385 0.71242509
-0.00121912 0.14062778 0.71303627
-0.00239694 0.13752276 0.71340921
-0.00296442 0.13293979 0.70596159
-0.00416929 0.13132581 0.71443115
-0.00471481 0.12737601 0.70686974
-0.00535062 0.12705510 0.71477776
-0.00643373 0.12431492 0.70572753
-0.00703947 0.12314919 0.70722499
-0.00786882 0.12101531 0.70320218
-0.00819581 0.12084136 0.70720793
-0.00901760 0.11874365 0.70321470
-0.01018375 0.11679612 0.70350999
-0.01079227 0.11501074 0.70480990
-0.01196513 0.11364222 0.70517834
-0.01276231 0.11155648 0.70110552
-0.01367480 0.11002464 0.70411780
-0.01482283 0.10830653 0.70404996
-0.01597516 0.10600810 0.70405365
-0.01657954 0.10381420 0.70466797
-0.01736566 0.10102628 0.70120645
-0.01796626 0.09997184 0.70174692
-0.01872099 0.09860272 0.69811960
-0.01928434 0.09821510 0.69733084
-0.01928467 0.09707268 0.69730528
-0.01949477 0.09579645 0.69435333
-0.02043859 0.09649463 0.69762265
-0.02101350 0.09723681 0.69762783
-0.02099608 0.09763328 0.69749484
-0.02198784 0.09843885 0.70115389
-0.08950951 0.01116391 0.69470401
-0.09244074 0.00765931 0.68483344
-0.09452505 0.01029230 0.68741322
-0.09685240 0.01339324 0.68614920
-0.09682560 0.01401421 0.68782126
-0.09638467 0.01274235 0.67897553
-0.09600455 0.01194003 0.68014194
-0.09600455 0.01194003 0.68014194
-0.09533212 0.01383176 0.67747795
-0.09615836 0.01670165 0.68141604
-0.09540497 0.02044351 0.67626251
-0.09610268 0.02468873 0.67915426
-0.09843672 0.03034303 0.69589206
-0.09701682 0.03317570 0.67628640
-0.09664062 0.03598420 0.67189953
-0.09626554 0.03820796 0.66755717
-0.09626267 0.03930197 0.66754507
-0.09779207 0.04123393 0.67244270
-0.09778268 0.04303714 0.67064960
-0.09738031 0.04468255 0.66614761
-0.09740445 0.04659528 0.66640192
-0.09739933 0.04877866 0.66638987
-0.09817615 0.05067702 0.66990917
-0.10024758 0.05431610 0.68221382
-0.10061539 0.05682892 0.67921906
-0.09968076 0.05921373 0.66756786
-0.09921474 0.06106772 0.66107489
-0.09955110 0.06310883 0.65975857
-0.09955966 0.06525941 0.65999585
-0.10273335 0.06912819 0.67734640
-0.10066118 0.06989220 0.66031400
-0.10269866 0.07268431 0.67192768
-0.10098360 0.07216778 0.65902450
-0.10017976 0.07268436 0.65392392
-0.10022345 0.07426334 0.65595986
-0.10022197 0.07533685 0.65597161
-0.10017480 0.07668927 0.65403543
-0.10217334 0.07984410 0.66530015
-0.10297385 0.08189889 0.66886638
-0.10304520 0.08326343 0.67106866
-0.10123321 0.08205362 0.65426687
-0.10375137 0.08530744 0.67220535
-0.10122352 0.08391231 0.65430925
-0.10046171 0.08457816 0.65118656
-0.10046076 0.08564368 0.65120539
-0.10281087 0.08888112 0.66819772
-0.10049319 0.08828840 0.65321170
-0.10285919 0.09110903 0.66859927
-0.10202615 0.09171436 0.66500158
-0.10280983 0.09325754 0.66830217
-0.10237864 0.09372275 0.66382866
-0.10071537 0.09232601 0.64985228
-0.10071451 0.09288589 0.64984870
-0.10202520 0.09606922 0.66510961
-0.10198375 0.09686987 0.66492726
-0.10192311 0.09871626 0.66637885
-0.10153773 0.10077019 0.66753207
-0.09872458 0.09836652 0.64585664
-0.10117011 0.10097241 0.66334474
-0.09881402 0.09844781 0.64801904
-0.10108749 0.10009187 0.66109918
-0.09878724 0.09915196 0.64794970
-0.09949667 0.10466693 0.65620892
0.08040579 0.03485247 0.80588391
0.08403250 0.03267612 0.82495108
0.08289907 0.02863080 0.80137023
0.08364655 0.02514067 0.80240235
0.08283578 0.02278125 0.79793923
0.08320828 0.02240948 0.80784396
0.08219249 0.02223596 0.80126624
0.08320828 0.02240948 0.80784396
0.08320828 0.02240948 0.80784396
0.08286492 0.02247775 0.79814293
0.08442402 0.02328158 0.80360682
0.08663190 0.02518277 0.81211881
0.08706634 0.02689963 0.80383870
0.08840519 0.02822695 0.80408080
0.09004724 0.02965264 0.80692776
0.09037122 0.03239540 0.80104460
0.09168045 0.03533984 0.80115068
0.09301718 0.03798198 0.80142065
0.09389593 0.04005173 0.80317114
0.09521651 0.04415658 0.80608658
0.09576493 0.04659887 0.80243843
0.09629560 0.04948788 0.80141197
0.09764085 0.05147903 0.80175380
0.09847691 0.05354773 0.80317015
0.10013310 0.05557053 0.80854769
0.09981818 0.05751909 0.80346865
0.10114919 0.05937825 0.80628452
0.10033377 0.06041893 0.80240873
0.10061998 0.06210557 0.80733531
0.10033315 0.06305332 0.80244169
0.10035455 0.06469766 0.80253222
0.10200876 0.06678360 0.80780149
0.10169432 0.06866686 0.80283488
0.10219014 0.07022069 0.80163209
0.10421377 0.07312254 0.81207673
0.10385232 0.07530049 0.80682131
0.10354433 0.07779225 0.80185015
0.10519777 0.08061432 0.80714250
0.10518735 0.08293211 0.80702452
0.10535312 0.08458781 0.80083174
0.10654130 0.08790558 0.80731572
0.10698937 0.08971329 0.80568700
0.10696832 0.09167621 0.80555789
0.10695777 0.09332525 0.80543645
0.10695573 0.09464381 0.80544769
0.10657825 0.09598092 0.80025420
0.10739889 0.09807121 0.80392516
0.10691584 0.10019837 0.80516269
0.10652198 0.10181686 0.79978282
0.10735472 0.10429158 0.80364374
0.10735472 0.10429158 0.80364374
0.10823574 0.10449468 0.80523738
0.10868011 0.10395439 0.80366582
0.10785359 0.10378034 0.80002870
0.10877997 0.10945454 0.81406993
