10864 -0.06579572 0.07224526 0.55207220
10865 -0.08915244 0.05929671 0.56823584
10866 -0.11643589 0.05582254 0.59867577
10867 -0.13740316 0.05725581 0.59985500
10868 -0.14929303 0.05940478 0.59455227
10869 -0.15133207 0.04965932 0.58242051
10870 -0.14751835 0.03080317 0.57633652
10871 -0.14177739 0.00812421 0.57693170
10872 -0.13514541 -0.01448998 0.58320140
10873 -0.12783563 -0.03615935 0.59081588
10874 -0.11890646 -0.05673608 0.60074222
10875 -0.10790021 -0.07110884 0.59707369
10876 -0.09764867 -0.08461448 0.60564986
10877 -0.08510711 -0.09411705 0.60806939
10878 -0.07205851 -0.10135964 0.61145188
10879 -0.05763460 -0.10580910 0.61421404
10880 -0.04393886 -0.10951317 0.62266305
10881 -0.02957387 -0.11116434 0.62761278
10882 -0.01498783 -0.11175745 0.63366402
10883 0.00042826 -0.11199048 0.63955282
10884 0.01503996 -0.11142948 0.64992559
10885 0.02879310 -0.10873777 0.65997490
10886 0.04075095 -0.10348929 0.66115093
10887 0.05209386 -0.09892513 0.66497174
10888 0.06263289 -0.09498804 0.67173070
10889 0.07197916 -0.08967140 0.66978666
10890 0.08190544 -0.08298497 0.67194876
10891 0.09086766 -0.07540242 0.66846071
10892 0.09930745 -0.06719859 0.66585536
10893 0.10738897 -0.05840242 0.66819682
10894 0.11280192 -0.04786686 0.66632123
10895 0.11524540 -0.03581285 0.66167282
10896 0.11923088 -0.02417132 0.65960853
10897 0.12090209 -0.01226355 0.65914942
10898 0.12113783 0.00073365 0.65852317
10899 0.11883383 0.01447369 0.65102613
10900 0.11574639 0.02718547 0.65447993
10901 0.11150681 0.03869787 0.64893017
10902 0.10546511 0.05057769 0.63754279
10903 0.09409539 0.06463054 0.61161909
10904 0.08864656 0.08358745 0.62258532
10905 
10906 
10907 0.04888489 0.13905139 0.59122105
10908 0.03416160 0.14581700 0.56737403
10909 0.02179613 0.15628484 0.56982171
10910 0.00973674 0.15812554 0.56081074
10911 -0.00245276 0.15883766 0.56225319
10912 -0.01630784 0.15727480 0.55555672
10913 -0.03230720 0.15832763 0.56011977
10914 -0.04752373 0.15683382 0.55665587
10915 -0.06296909 0.15598939 0.56030225
10916 -0.07737290 0.15459188 0.56158125
10917 -0.09092354 0.15145920 0.56140492
10918 -0.10410119 0.14776622 0.56480463
10919 -0.11474906 0.14089072 0.56438651
10920 -0.12521878 0.13303761 0.56461065
10921 -0.13345008 0.12490116 0.56638002
10922 -0.14102418 0.11374308 0.56578050
10923 -0.14703406 0.10226271 0.56568495
10924 -0.15136880 0.09050553 0.56113179
10925 -0.15696953 0.07986965 0.56336891
10926 -0.16031147 0.06872261 0.56033395
10927 -0.16446956 0.05888449 0.56250776
10928 -0.16816712 0.04836551 0.56282683
10929 -0.17129964 0.03783471 0.56340093
10930 -0.17210163 0.02642826 0.55825308
10931 -0.17434340 0.01413378 0.55885841
10932 -0.17403420 0.00254559 0.55798309
10933 -0.17331899 -0.00841557 0.55934116
10934 -0.17120542 -0.01890147 0.55976298
10935 -0.16737083 -0.03031475 0.55888405
10936 -0.15996233 -0.04393355 0.55669346
10937 -0.15290916 -0.05792784 0.56077299
10938 -0.14431056 -0.06979319 0.56153827
10939 -0.13576964 -0.07869897 0.56731150
10940 -0.12002410 -0.08158873 0.55919426
10941 -0.10470999 -0.08189438 0.56337524
10942 
10943 
10944 
10945 -0.05771855 -0.06930674 0.56050772
10946 -0.04254744 -0.07578315 0.55929980
10947 -0.02093051 -0.08447824 0.56138034
10948 0.00091595 -0.09178462 0.55813506
10949 0.02363684 -0.09713286 0.55900563
10950 0.04527625 -0.10144151 0.57062442
10951 0.06393414 -0.10173980 0.57731129
10952 0.08000322 -0.09937012 0.58099236
10953 0.09367194 -0.09591535 0.58738014
10954 0.10383963 -0.09033248 0.58754574
10955 0.11348331 -0.08469401 0.59139011
10956 0.12223205 -0.07766436 0.58776781
10957 0.13126112 -0.07114377 0.58921037
10958 0.13955208 -0.06307132 0.58882481
10959 0.14572138 -0.05375664 0.58343126
10960 0.15333471 -0.04194424 0.58227338
10961 0.15921913 -0.03005632 0.57959744
10962 0.16304133 -0.01659345 0.57444288
10963 0.16624777 -0.00256810 0.57491533
10964 0.16820633 0.01118111 0.57526848
10965 0.16502001 0.02912590 0.56765996
10966 0.16036125 0.04761725 0.56244116
10967 0.15616728 0.06593364 0.56116109
10968 0.15184118 0.08369450 0.56298885
10969 0.14879514 0.10301266 0.57232072
10970 0.14193664 0.11647238 0.56909546
10971 0.13352352 0.12505442 0.56782676
10972 0.11880744 0.13148215 0.55612393
10973 0.10241435 0.13734375 0.54673937
10974 
10975 
10976 
10977 0.02097964 0.13744848 0.51762764
10978 0.00115352 0.13028377 0.51191408
10979 -0.02001052 0.12151569 0.50364270
10980 -0.04119197 0.11533522 0.50559219
10981 -0.06383409 0.11216308 0.51967467
10982 -0.08201868 0.10747078 0.52443480
10983 -0.09960605 0.10160306 0.53007245
10984 -0.11096817 0.09370333 0.53237500
10985 -0.11910351 0.08380472 0.53249059
10986 -0.12508626 0.07370748 0.53579526
10987 -0.12857749 0.06273157 0.53623432
10988 -0.13051519 0.05246479 0.53761584
10989 -0.13104234 0.04204354 0.54111529
10990 -0.12914408 0.03196421 0.54282842
10991 -0.12427241 0.02265616 0.54480113
10992 -0.11731177 0.01428651 0.54244401
10993 -0.10884719 0.00588083 0.54042875
10994 -0.10100456 -0.00147277 0.53946308
10995 -0.09315131 -0.00930839 0.53963442
10996 -0.08646288 -0.01504907 0.53742031
10997 -0.08082829 -0.01963268 0.53699025
10998 -0.07746575 -0.02092892 0.53798843
10999 -0.07631554 -0.01989360 0.53692089
11000 -0.07711348 -0.01674896 0.53767637
11001 -0.07867450 -0.01245208 0.54240467
11002 -0.07950111 -0.00756819 0.54667948
11003 -0.07896141 -0.00484763 0.54895319
11004 -0.07888552 -0.00194279 0.55076957
11005 -0.07839267 0.00024867 0.55434090
