0.42787033 0.00779420 0.34002610 0.92778867 -0.37250906 -0.00000483 0.02109951
0.42786981 0.00779342 0.34002539 0.92778811 -0.37251044 -0.00000561 0.02109988
0.42787034 0.00779416 0.34002519 0.92778862 -0.37250913 -0.00000572 0.02110021
0.42786997 0.00779341 0.34002546 0.92778858 -0.37250926 -0.00000491 0.02109982
0.42787031 0.00779567 0.34002509 0.92778962 -0.37250662 -0.00000564 0.02110063
0.42786911 0.00779385 0.34002356 0.92778922 -0.37250756 -0.00000759 0.02110167
0.42786991 0.00779345 0.34002416 0.92778899 -0.37250822 -0.00000779 0.02110008
0.42787096 0.00779354 0.34002684 0.92778907 -0.37250806 -0.00000391 0.02109959
0.42787035 0.00779344 0.34002525 0.92778843 -0.37250960 -0.00000558 0.02110046
0.42786973 0.00779480 0.34002376 0.92778878 -0.37250872 -0.00000763 0.02110069
0.42787055 0.00779488 0.34002703 0.92778962 -0.37250661 -0.00000297 0.02110060
0.42787035 0.00779416 0.34002452 0.92778898 -0.37250825 -0.00000665 0.02110004
0.42787035 0.00779416 0.34002452 0.92778898 -0.37250825 -0.00000665 0.02110004
0.42786977 0.00779479 0.34002594 0.92778934 -0.37250730 -0.00000452 0.02110090
0.42786908 0.00779476 0.34002446 0.92778909 -0.37250794 -0.00000682 0.02110058
0.42786978 0.00779477 0.34002522 0.92778892 -0.37250834 -0.00000532 0.02110113
0.42786982 0.00779260 0.34002536 0.92778769 -0.37251150 -0.00000576 0.02109960
0.42786924 0.00779469 0.34002453 0.92778949 -0.37250689 -0.00000576 0.02110164
0.42787026 0.00779349 0.34002602 0.92778799 -0.37251073 -0.00000517 0.02109969
0.42787026 0.00779349 0.34002602 0.92778799 -0.37251073 -0.00000517 0.02109969
0.42787051 0.00779347 0.34002565 0.92778903 -0.37250815 -0.00000480 0.02109952
0.42786980 0.00779411 0.34002483 0.92778918 -0.37250774 -0.00000617 0.02110032
0.42786973 0.00779410 0.34002472 0.92778960 -0.37250667 -0.00000659 0.02110043
0.42787089 0.00779426 0.34002604 0.92778923 -0.37250765 -0.00000521 0.02109955
0.42787033 0.00779417 0.34002597 0.92778991 -0.37250594 -0.00000489 0.02109996
0.42786971 0.00779483 0.34002521 0.92778922 -0.37250765 -0.00000601 0.02110016
0.42787095 0.00779421 0.34002678 0.92778910 -0.37250794 -0.00000371 0.02110024
0.42787031 0.00779490 0.34002604 0.92778929 -0.37250749 -0.00000481 0.02109976
0.42787044 0.00779276 0.34002538 0.92778792 -0.37251091 -0.00000541 0.02109969
0.42787100 0.00779637 0.34002600 0.92778959 -0.37250674 -0.00000450 0.02109970
0.42787028 0.00779275 0.34002530 0.92778795 -0.37251079 -0.00000587 0.02110037
0.42786921 0.00779331 0.34002307 0.92778810 -0.37251041 -0.00000823 0.02110074
0.42786921 0.00779331 0.34002307 0.92778810 -0.37251041 -0.00000823 0.02110074
0.42786986 0.00779481 0.34002534 0.92778921 -0.37250765 -0.00000517 0.02110036
0.42786991 0.00779409 0.34002327 0.92778872 -0.37250888 -0.00000774 0.02110052
0.42787027 0.00779415 0.34002474 0.92778944 -0.37250709 -0.00000658 0.02110035
0.42787025 0.00779419 0.34002607 0.92778898 -0.37250827 -0.00000505 0.02109988
0.42787039 0.00779417 0.34002748 0.92778855 -0.37250933 -0.00000261 0.02109996
0.42787039 0.00779417 0.34002748 0.92778855 -0.37250933 -0.00000261 0.02109996
0.42786964 0.00779340 0.34002520 0.92778798 -0.37251072 -0.00000624 0.02110055
0.42787143 0.00779576 0.34002666 0.92778960 -0.37250677 -0.00000445 0.02109888
0.42786974 0.00779270 0.34002540 0.92778801 -0.37251065 -0.00000581 0.02110021
0.42786933 0.00779476 0.34002393 0.92778882 -0.37250861 -0.00000735 0.02110088
0.42786988 0.00779257 0.34002635 0.92778819 -0.37251020 -0.00000405 0.02110011
0.42787103 0.00779423 0.34002695 0.92778934 -0.37250735 -0.00000351 0.02110023
0.42787103 0.00779423 0.34002695 0.92778934 -0.37250735 -0.00000351 0.02110023
0.42787102 0.00779563 0.34002611 0.92778999 -0.37250571 -0.00000437 0.02110068
0.42786977 0.00779484 0.34002600 0.92778837 -0.37250977 -0.00000471 0.02110004
0.42786969 0.00779634 0.34002443 0.92778967 -0.37250649 -0.00000668 0.02110089
0.42786864 0.00779465 0.34002308 0.92778864 -0.37250902 -0.00000791 0.02110146
0.42786989 0.00779270 0.34002552 0.92778841 -0.37250968 -0.00000516 0.02109996
0.42786986 0.00779323 0.34002668 0.92778896 -0.37250826 -0.00000332 0.02110098
0.42786986 0.00779323 0.34002668 0.92778896 -0.37250826 -0.00000332 0.02110098
0.42787042 0.00779416 0.34002528 0.92778830 -0.37250994 -0.00000532 0.02110008
0.42787048 0.00779559 0.34002495 0.92779003 -0.37250559 -0.00000616 0.02110066
0.42786919 0.00779400 0.34002368 0.92778835 -0.37250977 -0.00000728 0.02110114
0.42787037 0.00779556 0.34002449 0.92778925 -0.37250756 -0.00000634 0.02110038
0.42786990 0.00779413 0.34002394 0.92778857 -0.37250928 -0.00000715 0.02109979
0.42787160 0.00779506 0.34002569 0.92778888 -0.37250854 -0.00000572 0.02109919
0.42787160 0.00779506 0.34002569 0.92778888 -0.37250854 -0.00000572 0.02109919
0.42786979 0.00779480 0.34002459 0.92778947 -0.37250701 -0.00000638 0.02110052
0.42787031 0.00779346 0.34002761 0.92778824 -0.37251009 -0.00000262 0.02110038
0.42786986 0.00779553 0.34002455 0.92779063 -0.37250413 -0.00000627 0.02110020
0.42787014 0.00779561 0.34002591 0.92778915 -0.37250783 -0.00000550 0.02109997
0.42786972 0.00779413 0.34002528 0.92778887 -0.37250854 -0.00000602 0.02109996
0.42787096 0.00779282 0.34002758 0.92778882 -0.37250866 -0.00000293 0.02109981
0.42787096 0.00779282 0.34002758 0.92778882 -0.37250866 -0.00000293 0.02109981
0.42787026 0.00779332 0.34002620 0.92778975 -0.37250631 -0.00000473 0.02110051
0.42787033 0.00779489 0.34002519 0.92778959 -0.37250676 -0.00000590 0.02109976
0.42787030 0.00779557 0.34002591 0.92778991 -0.37250592 -0.00000474 0.02110036
0.42787036 0.00779263 0.34002597 0.92778847 -0.37250955 -0.00000497 0.02109971
0.42787039 0.00779417 0.34002727 0.92778930 -0.37250744 -0.00000309 0.02110032
0.42786943 0.00779405 0.34002370 0.92778907 -0.37250801 -0.00000751 0.02110057
0.42786943 0.00779405 0.34002370 0.92778907 -0.37250801 -0.00000751 0.02110057
0.42786981 0.00779342 0.34002539 0.92778877 -0.37250879 -0.00000565 0.02109988
0.42786972 0.00779480 0.34002443 0.92778965 -0.37250654 -0.00000684 0.02110065
0.42786971 0.00779341 0.34002661 0.92778868 -0.37250900 -0.00000430 0.02110013
0.42786910 0.00779335 0.34002513 0.92778776 -0.37251127 -0.00000607 0.02110030
0.42786915 0.00779541 0.34002440 0.92778907 -0.37250795 -0.00000619 0.02110151
0.42786915 0.00779541 0.34002440 0.92778907 -0.37250795 -0.00000619 0.02110151
0.42786882 0.00779324 0.34002396 0.92778904 -0.37250806 -0.00000644 0.02110096
0.42787027 0.00779418 0.34002668 0.92778830 -0.37250996 -0.00000419 0.02110004
0.42786944 0.00779265 0.34002423 0.92778785 -0.37251105 -0.00000693 0.02110036
0.42786926 0.00779468 0.34002311 0.92778958 -0.37250668 -0.00000761 0.02110146
0.42787017 0.00779558 0.34002371 0.92778927 -0.37250750 -0.00000807 0.02110054
0.42787032 0.00779487 0.34002547 0.92778893 -0.37250836 -0.00000534 0.02110019
0.42787032 0.00779487 0.34002547 0.92778893 -0.37250836 -0.00000534 0.02110019
0.42786927 0.00779333 0.34002386 0.92778889 -0.37250846 -0.00000712 0.02110039
0.42786987 0.00779550 0.34002388 0.92779007 -0.37250551 -0.00000691 0.02110068
0.42787035 0.00779418 0.34002457 0.92778884 -0.37250860 -0.00000665 0.02109984
0.42787026 0.00779276 0.34002669 0.92778831 -0.37250991 -0.00000422 0.02110010
0.42787031 0.00779487 0.34002598 0.92778949 -0.37250699 -0.00000474 0.02110016
0.42787020 0.00779272 0.34002518 0.92778868 -0.37250896 -0.00000619 0.02110097
0.42787020 0.00779272 0.34002518 0.92778868 -0.37250896 -0.00000619 0.02110097
0.42786962 0.00779410 0.34002599 0.92778959 -0.37250670 -0.00000522 0.02110070
0.42786979 0.00779408 0.34002527 0.92778835 -0.37250978 -0.00000540 0.02110074
0.42787045 0.00779265 0.34002532 0.92778780 -0.37251121 -0.00000557 0.02109944
0.42786981 0.00779257 0.34002600 0.92778901 -0.37250818 -0.00000478 0.02110025
0.42786926 0.00779402 0.34002374 0.92778911 -0.37250789 -0.00000715 0.02110057
0.42786981 0.00779341 0.34002533 0.92778823 -0.37251012 -0.00000561 0.02110008
0.42786981 0.00779341 0.34002533 0.92778823 -0.37251012 -0.00000561 0.02110008
0.42786980 0.00779481 0.34002449 0.92778959 -0.37250671 -0.00000658 0.02110032
0.42786985 0.00779258 0.34002456 0.92778851 -0.37250944 -0.00000667 0.02109986
0.42787098 0.00779283 0.34002612 0.92778757 -0.37251178 -0.00000475 0.02109968
0.42787022 0.00779558 0.34002591 0.92778980 -0.37250617 -0.00000498 0.02110053
0.42786974 0.00779339 0.34002452 0.92778823 -0.37251010 -0.00000680 0.02110045
0.42787031 0.00779560 0.34002519 0.92778897 -0.37250827 -0.00000574 0.02110000
0.42787031 0.00779560 0.34002519 0.92778897 -0.37250827 -0.00000574 0.02110000
0.42786982 0.00779410 0.34002388 0.92779003 -0.37250562 -0.00000741 0.02110037
0.42786984 0.00779341 0.34002395 0.92778826 -0.37251004 -0.00000734 0.02110016
0.42787037 0.00779274 0.34002467 0.92778848 -0.37250948 -0.00000642 0.02110030
0.42787115 0.00779425 0.34002650 0.92778909 -0.37250801 -0.00000366 0.02109931
0.42786970 0.00779499 0.34002533 0.92778861 -0.37250918 -0.00000599 0.02109976
0.42786970 0.00779499 0.34002533 0.92778861 -0.37250918 -0.00000599 0.02109976
0.42787030 0.00779487 0.34002664 0.92778828 -0.37250997 -0.00000376 0.02110037
0.42786978 0.00779412 0.34002618 0.92778968 -0.37250650 -0.00000452 0.02110024
0.42786881 0.00779398 0.34002396 0.92778828 -0.37250996 -0.00000653 0.02110051
0.42787039 0.00779418 0.34002676 0.92778925 -0.37250760 -0.00000362 0.02109981
0.42786918 0.00779473 0.34002369 0.92778889 -0.37250844 -0.00000735 0.02110090
0.42787027 0.00779349 0.34002601 0.92778782 -0.37251116 -0.00000519 0.02109963
0.42787027 0.00779349 0.34002601 0.92778782 -0.37251116 -0.00000519 0.02109963
0.42787097 0.00779351 0.34002609 0.92778920 -0.37250770 -0.00000469 0.02110008
0.42787101 0.00779422 0.34002752 0.92778892 -0.37250841 -0.00000251 0.02110008
0.42787005 0.00779412 0.34002486 0.92778913 -0.37250786 -0.00000609 0.02110043
0.42787039 0.00779489 0.34002613 0.92778965 -0.37250658 -0.00000457 0.02110016
0.42787039 0.00779488 0.34002604 0.92778887 -0.37250853 -0.00000437 0.02110004
0.42787034 0.00779346 0.34002609 0.92778849 -0.37250945 -0.00000462 0.02110022
0.42787034 0.00779346 0.34002609 0.92778849 -0.37250945 -0.00000462 0.02110022
0.42787039 0.00779560 0.34002528 0.92778952 -0.37250692 -0.00000540 0.02109987
0.42786919 0.00779403 0.34002374 0.92778866 -0.37250900 -0.00000740 0.02110071
0.42787101 0.00779499 0.34002762 0.92778886 -0.37250860 -0.00000294 0.02109930
0.42786927 0.00779472 0.34002269 0.92778924 -0.37250755 -0.00000836 0.02110084
0.42787138 0.00779505 0.34002814 0.92778871 -0.37250897 -0.00000263 0.02109915
0.42787138 0.00779505 0.34002814 0.92778871 -0.37250897 -0.00000263 0.02109915
0.42787035 0.00779262 0.34002603 0.92778780 -0.37251118 -0.00000469 0.02110021
0.42786865 0.00779396 0.34002304 0.92778856 -0.37250925 -0.00000816 0.02110103
0.42787104 0.00779356 0.34002699 0.92778815 -0.37251038 -0.00000357 0.02109901
0.42787039 0.00779490 0.34002672 0.92778991 -0.37250595 -0.00000375 0.02109955
0.42787101 0.00779569 0.34002625 0.92779022 -0.37250520 -0.00000443 0.02109925
0.42786974 0.00779339 0.34002455 0.92778875 -0.37250878 -0.00000671 0.02110071
0.42786974 0.00779339 0.34002455 0.92778875 -0.37250878 -0.00000671 0.02110071
0.42787013 0.00779484 0.34002358 0.92778855 -0.37250931 -0.00000745 0.02110014
0.42787028 0.00779346 0.34002489 0.92778916 -0.37250780 -0.00000648 0.02110020
0.42787036 0.00779332 0.34002519 0.92778942 -0.37250715 -0.00000580 0.02110021
0.42787157 0.00779434 0.34002681 0.92778962 -0.37250674 -0.00000394 0.02109874
0.42787027 0.00779333 0.34002591 0.92778859 -0.37250922 -0.00000512 0.02110029
0.42786984 0.00779407 0.34002417 0.92778932 -0.37250735 -0.00000676 0.02110098
0.42786984 0.00779407 0.34002417 0.92778932 -0.37250735 -0.00000676 0.02110098
0.42787003 0.00779343 0.34002631 0.92778907 -0.37250802 -0.00000441 0.02110011
0.42787022 0.00779278 0.34002386 0.92778837 -0.37250978 -0.00000830 0.02109970
0.42787101 0.00779568 0.34002606 0.92778943 -0.37250718 -0.00000462 0.02109926
0.42786991 0.00779342 0.34002468 0.92778908 -0.37250801 -0.00000625 0.02109978
0.42787026 0.00779414 0.34002513 0.92778928 -0.37250748 -0.00000600 0.02110057
0.42786975 0.00779343 0.34002389 0.92778864 -0.37250910 -0.00000786 0.02109984
0.42786975 0.00779343 0.34002389 0.92778864 -0.37250910 -0.00000786 0.02109984
0.42787087 0.00779494 0.34002588 0.92778971 -0.37250643 -0.00000525 0.02109994
0.42787087 0.00779494 0.34002588 0.92778971 -0.37250643 -0.00000525 0.02109994
0.42787161 0.00779346 0.34002541 0.92778878 -0.37250878 -0.00000543 0.02109946
0.42787094 0.00779566 0.34002603 0.92778979 -0.37250625 -0.00000477 0.02109983
0.42787031 0.00779558 0.34002519 0.92778892 -0.37250838 -0.00000566 0.02110021
0.42786973 0.00779327 0.34002522 0.92778802 -0.37251063 -0.00000592 0.02110040
0.42786973 0.00779327 0.34002522 0.92778802 -0.37251063 -0.00000592 0.02110040
0.42787148 0.00779655 0.34002536 0.92778955 -0.37250686 -0.00000565 0.02109958
0.42786961 0.00779317 0.34002345 0.92778955 -0.37250676 -0.00000703 0.02110114
0.42786918 0.00779495 0.34002307 0.92778953 -0.37250686 -0.00000831 0.02110053
0.42787016 0.00779487 0.34002534 0.92778866 -0.37250903 -0.00000605 0.02110045
0.42786924 0.00779406 0.34002531 0.92778834 -0.37250983 -0.00000524 0.02110031
0.42787024 0.00779489 0.34002516 0.92778934 -0.37250735 -0.00000640 0.02110022
0.42786908 0.00779405 0.34002533 0.92778938 -0.37250724 -0.00000579 0.02110053
0.42787035 0.00779345 0.34002525 0.92778958 -0.37250674 -0.00000572 0.02110025
0.42787020 0.00779208 0.34002604 0.92778799 -0.37251073 -0.00000558 0.02109964
0.42787044 0.00779261 0.34002531 0.92778841 -0.37250967 -0.00000536 0.02110013
0.42787094 0.00779562 0.34002594 0.92778937 -0.37250726 -0.00000462 0.02110048
0.42787036 0.00779348 0.34002463 0.92778895 -0.37250835 -0.00000669 0.02109964
0.42786984 0.00779272 0.34002401 0.92778768 -0.37251151 -0.00000742 0.02109977
0.42786984 0.00779272 0.34002401 0.92778768 -0.37251151 -0.00000742 0.02109977
0.42787153 0.00779570 0.34002754 0.92778995 -0.37250583 -0.00000249 0.02110004
0.42786972 0.00779550 0.34002370 0.92778969 -0.37250643 -0.00000764 0.02110088
0.42786986 0.00779117 0.34002461 0.92778658 -0.37251426 -0.00000670 0.02109968
0.42787095 0.00779425 0.34002678 0.92778825 -0.37251010 -0.00000390 0.02109958
0.42787013 0.00779491 0.34002675 0.92778925 -0.37250758 -0.00000448 0.02109998
0.42787013 0.00779491 0.34002675 0.92778925 -0.37250758 -0.00000448 0.02109998
0.42787012 0.00779122 0.34002685 0.92778814 -0.37251034 -0.00000474 0.02110010
0.42786972 0.00779479 0.34002443 0.92778895 -0.37250829 -0.00000671 0.02110089
0.42787147 0.00779432 0.34002820 0.92778957 -0.37250683 -0.00000230 0.02109923
0.42786979 0.00779413 0.34002546 0.92778869 -0.37250898 -0.00000553 0.02109983
0.42786931 0.00779263 0.34002256 0.92778862 -0.37250912 -0.00000910 0.02110033
0.42786986 0.00779548 0.34002449 0.92778994 -0.37250581 -0.00000598 0.02110105
0.42786986 0.00779548 0.34002449 0.92778994 -0.37250581 -0.00000598 0.02110105
0.42786935 0.00779471 0.34002309 0.92778875 -0.37250878 -0.00000745 0.02110087
0.42787036 0.00779278 0.34002530 0.92778836 -0.37250984 -0.00000595 0.02109936
0.42786985 0.00779255 0.34002388 0.92778748 -0.37251197 -0.00000734 0.02110037
0.42787021 0.00779557 0.34002676 0.92778913 -0.37250784 -0.00000381 0.02110069
0.42787031 0.00779205 0.34002463 0.92778852 -0.37250939 -0.00000692 0.02110002
0.42786981 0.00779411 0.34002455 0.92778835 -0.37250979 -0.00000648 0.02110033
0.42786981 0.00779411 0.34002455 0.92778835 -0.37250979 -0.00000648 0.02110033
0.42787033 0.00779488 0.34002519 0.92778853 -0.37250938 -0.00000575 0.02110000
0.42786989 0.00779414 0.34002412 0.92778872 -0.37250893 -0.00000702 0.02109954
0.42787029 0.00779331 0.34002446 0.92778795 -0.37251078 -0.00000680 0.02110061
0.42786928 0.00779404 0.34002318 0.92778799 -0.37251067 -0.00000807 0.02110069
0.42787043 0.00779417 0.34002464 0.92778925 -0.37250759 -0.00000626 0.02109992
0.42786995 0.00779486 0.34002551 0.92778876 -0.37250882 -0.00000520 0.02109966
0.42786995 0.00779486 0.34002551 0.92778876 -0.37250882 -0.00000520 0.02109966
0.42787044 0.00779415 0.34002536 0.92778935 -0.37250728 -0.00000566 0.02110068
0.42786974 0.00779339 0.34002449 0.92778900 -0.37250818 -0.00000688 0.02110045
0.42786995 0.00779483 0.34002546 0.92778930 -0.37250746 -0.00000481 0.02110002
0.42787103 0.00779422 0.34002635 0.92778970 -0.37250646 -0.00000410 0.02109994
0.42787026 0.00779418 0.34002518 0.92778926 -0.37250756 -0.00000617 0.02109993
0.42786917 0.00779414 0.34002487 0.92778913 -0.37250784 -0.00000601 0.02110069
0.42786917 0.00779414 0.34002487 0.92778913 -0.37250784 -0.00000601 0.02110069
0.42787107 0.00779283 0.34002564 0.92778941 -0.37250720 -0.00000544 0.02109970
0.42787100 0.00779283 0.34002546 0.92778841 -0.37250970 -0.00000571 0.02109947
0.42786971 0.00779481 0.34002521 0.92778930 -0.37250741 -0.00000585 0.02110061
0.42786979 0.00779412 0.34002533 0.92778822 -0.37251014 -0.00000557 0.02110008
0.42787049 0.00779553 0.34002497 0.92778992 -0.37250587 -0.00000510 0.02110085
0.42787049 0.00779553 0.34002497 0.92778992 -0.37250587 -0.00000510 0.02110085
0.42787152 0.00779207 0.34002759 0.92778840 -0.37250976 -0.00000319 0.02109907
