0 0.42787085 0.00779423 0.34002806
0 0.42787027 0.00779416 0.34002451
0 0.42787106 0.00779215 0.34002702
0 0.42787195 0.00779369 0.34002824
0 0.42787156 0.00779276 0.34002915
0 0.42787094 0.00779424 0.34002745
0 0.42787152 0.00779362 0.34002614
0 0.42787215 0.00779146 0.34002913
0 0.42787142 0.00779279 0.34002746
0 0.42787104 0.00779286 0.34002781
0 0.42787038 0.00779191 0.34002525
0 0.42787090 0.00779424 0.34002527
0 0.42787095 0.00779426 0.34002678
0 0.42787097 0.00779355 0.34002615
0 0.42787042 0.00779349 0.34002615
