262 -0.11028661 2.75179413 -0.10910393 0.03164913 -0.03895040 0.27200843
263 -0.14549550 2.72383053 -0.06866843 0.03644751 -0.02018354 0.30013904
264 -0.15463550 2.74113962 -0.04585807 0.03594976 -0.00840563 0.31994457
265 -0.13276380 2.75019671 0.00751474 0.03343672 -0.00079205 0.33206598
266 -0.12886779 2.75206110 0.01103874 0.03115334 0.00338855 0.34468420
267 -0.13154716 2.74352030 -0.01131386 0.03012836 0.00544139 0.35714216
268 -0.12859593 2.71756022 -0.06431677 0.03045843 0.00609626 0.36634865
269 -0.12066500 2.71595630 -0.13994582 0.03138279 0.00543223 0.37307424
270 -0.11800670 2.72193423 -0.13174095 0.03330911 0.00270235 0.37074764
271 -0.09903202 2.75769590 -0.10310171 0.03288302 -0.00232682 0.36715659
272 -0.07959693 2.78119890 -0.07628840 0.02964173 -0.00906954 0.36516561
273 -0.06363213 2.79750655 -0.08129855 0.02659072 -0.01497701 0.37031593
274 -0.06042793 2.78791219 -0.08777743 0.02416774 -0.01837757 0.37775308
275 -0.06760957 2.76400426 -0.07524996 0.02119996 -0.01754009 0.38464609
276 -0.07708296 2.74998383 -0.09734452 0.01808223 -0.01460856 0.38816877
277 -0.09185759 2.73191727 -0.10244521 0.01455903 -0.01259867 0.38977593
278 -0.08639573 2.74875571 -0.11420911 0.01291630 -0.01126158 0.39086448
279 -0.08470820 2.75025538 -0.13016175 0.01278642 -0.01169933 0.39277993
280 -0.07876541 2.74586476 -0.12889742 0.01266357 -0.01381101 0.39374438
281 -0.07488191 2.74567667 -0.13025312 0.01093224 -0.01616132 0.39602409
282 -0.07411715 2.74877670 -0.12661633 0.00934849 -0.01823559 0.39937132
283 -0.06690774 2.73435416 -0.13201066 0.00977987 -0.01890527 0.40289847
284 -0.06841797 2.73117668 -0.13501543 0.01052851 -0.01848278 0.40808610
285 -0.07679916 2.71102851 -0.12291220 0.01164238 -0.01631956 0.40980440
286 -0.07702440 2.71973339 -0.12299772 0.01202716 -0.01463391 0.41428888
287 -0.08330043 2.71181690 -0.14294074 0.01282463 -0.01451904 0.41900734
288 -0.08003045 2.69075591 -0.13845283 0.01383316 -0.01563927 0.42225159
289 -0.08398774 2.68657177 -0.16896181 0.01592625 -0.01739915 0.42937012
290 -0.08672451 2.67196090 -0.19321396 0.01689277 -0.01824428 0.43106951
291 -0.08610057 2.65828446 -0.18517711 0.01704378 -0.01941589 0.43462426
292 -0.08390402 2.65567243 -0.19309176 0.01631090 -0.02040549 0.44025644
293 -0.08166387 2.63511804 -0.17715200 0.01689442 -0.02040903 0.44591534
294 -0.07849513 2.62713901 -0.19707236 0.01816895 -0.01997981 0.45144840
295 -0.07723465 2.62651884 -0.18982496 0.01937208 -0.01914174 0.45414436
296 -0.08433734 2.62706018 -0.19630915 0.01961332 -0.01791999 0.45585705
297 -0.08815593 2.63540551 -0.19196249 0.01978624 -0.01642591 0.45607162
298 -0.09495071 2.62990611 -0.19779821 0.01927256 -0.01478951 0.45713493
299 -0.09590526 2.62810008 -0.20146541 0.01852715 -0.01330430 0.45710657
300 -0.09690416 2.61634796 -0.19966137 0.01894671 -0.01180615 0.45752147
301 -0.10406529 2.62084165 -0.18842836 0.01933786 -0.00953456 0.45823804
302 -0.10633086 2.61831054 -0.17732603 0.01870287 -0.00832867 0.45553665
303 -0.11546399 2.63840316 -0.17814222 0.01795247 -0.00779893 0.45716241
304 -0.10392986 2.64003128 -0.17818309 0.01711490 -0.00776404 0.45415413
305 -0.10850865 2.64373134 -0.15853544 0.01675905 -0.00844967 0.45485722
306 -0.10862506 2.63651958 -0.17671588 0.01734030 -0.00907101 0.45524241
307 -0.11186909 2.64154956 -0.18852295 0.01735987 -0.00931972 0.45652351
308 -0.11586636 2.64725346 -0.16937090 0.01653496 -0.00957849 0.45395299
309 -0.11626667 2.67160338 -0.18029073 0.01569173 -0.00961120 0.45310791
310 -0.11823315 2.68301798 -0.17575378 0.01575820 -0.00990308 0.44986039
311 -0.12649356 2.70858472 -0.17661407 0.01525983 -0.00969303 0.44808714
312 -0.13564633 2.71269025 -0.15312663 0.01459399 -0.00861280 0.44360637
313 -0.14138766 2.73064676 -0.15763664 0.01430675 -0.00770137 0.44190106
314 -0.14674960 2.73629220 -0.13685766 0.01466613 -0.00763431 0.44251032
315 -0.15039829 2.71915141 -0.15067482 0.01464053 -0.00761757 0.43888080
316 -0.14852260 2.73258502 -0.12872570 0.01443457 -0.00719622 0.43973737
317 -0.15108686 2.74121452 -0.14305671 0.01399844 -0.00704411 0.43791404
318 -0.15498505 2.74803144 -0.15897344 0.01399678 -0.00658044 0.43909901
319 -0.15155552 2.74107474 -0.14488610 0.01399830 -0.00633393 0.43790476
320 -0.15219790 2.74221107 -0.14662278 0.01470925 -0.00562369 0.43787511
321 -0.15670793 2.74026017 -0.14147938 0.01484672 -0.00504766 0.43594432
322 -0.15718023 2.74014744 -0.14329548 0.01484661 -0.00434084 0.43594038
323 -0.15839913 2.74720224 -0.12922152 0.01506338 -0.00412875 0.43837916
324 -0.16026976 2.73488025 -0.13665791 0.01505413 -0.00359841 0.43624939
325 -0.16293557 2.73004635 -0.12128220 0.01491075 -0.00282911 0.43679487
326 -0.16379202 2.73466352 -0.15047289 0.01506267 -0.00275783 0.43677340
327 -0.16417898 2.74185865 -0.15222608 0.01505663 -0.00312674 0.43748535
328 -0.16193403 2.74699888 -0.14331950 0.01507237 -0.00328540 0.43891018
329 -0.15904239 2.73848187 -0.14645063 0.01528763 -0.00329794 0.43898777
330 -0.15562450 2.73141966 -0.13284470 0.01528330 -0.00306178 0.43772439
331 -0.15946949 2.73780378 -0.15547813 0.01563857 -0.00332411 0.43869101
332 -0.15659166 2.72935764 -0.15839085 0.01585236 -0.00333568 0.43875622
333 -0.16205848 2.74056647 -0.13955956 0.01549183 -0.00363372 0.44003267
334 -0.15384655 2.75441716 -0.15401138 0.01472386 -0.00532365 0.44051728
335 -0.16801246 2.78253372 -0.21351379 0.01291688 -0.00999905 0.43813021
336 -0.15206800 2.81058760 -0.21846548 0.00946603 -0.01589499 0.43107176
337 -0.11556741 2.81955397 -0.16981859 0.00778940 -0.02054473 0.42438211
338 -0.10675674 2.84812924 -0.19791308 0.00828317 -0.02442949 0.42022752
339 -0.10413599 2.83982035 -0.18102208 0.00861501 -0.02546396 0.41559136
340 -0.10570387 2.86845851 -0.18197436 0.00862650 -0.02557548 0.41439309
341 -0.11007888 2.86005511 -0.18646298 0.00899689 -0.02521272 0.41369768
342 -0.10882254 2.84862494 -0.17470611 0.00903329 -0.02471836 0.41185919
343 -0.10673982 2.85718008 -0.14771119 0.00948734 -0.02388103 0.41079527
344 -0.11131984 2.85276533 -0.14049683 0.00965138 -0.02258728 0.40914836
345 -0.11512630 2.86334372 -0.13061105 0.00909941 -0.02055423 0.40932447
346 -0.11365840 2.86380524 -0.13709523 0.00875461 -0.01870727 0.40869200
347 -0.11223028 2.86932295 -0.11634808 0.00841242 -0.01685236 0.41016870
348 -0.10947735 2.87128931 -0.08700502 0.00755179 -0.01600810 0.40874073
349 -0.08799404 2.91836970 -0.01759440 0.00328134 -0.01407383 0.40372879
350 -0.07763251 2.92781678 0.02415279 -0.00186254 -0.01463543 0.40106072
351 -0.05721437 2.93243732 0.01252908 -0.00496752 -0.01609258 0.39913634
352 -0.06415850 2.95311394 -0.06845740 -0.00716819 -0.01732729 0.39738743
353 -0.04902846 2.99630906 -0.21053060 -0.02105127 -0.02467796 0.36827521
