100993 -0.80662289 -2.91902121 0.40425072 0.09266060 -0.10828967 0.53018483
100994 -0.69036572 -2.95414606 0.41651556 0.11530807 -0.12338517 0.53274714
100995 -0.57994392 -3.01840633 0.46975305 0.13907902 -0.13331417 0.53038129
100996 -0.42345636 -3.00808315 0.49777311 0.16442837 -0.13800347 0.52696578
100997 -0.32211840 -3.03270186 0.50846490 0.19102507 -0.14054853 0.53108806
100998 -0.25883429 -3.06747913 0.50916809 0.21465599 -0.13887863 0.53379265
100999 -0.21010923 -3.12472707 0.54710319 0.23719489 -0.13215155 0.53065013
101000 0.10393423 3.05414181 -0.56415113 0.26326455 -0.12333898 0.53212589
101001 -0.07538798 -3.13028660 0.50535204 0.30076501 -0.11735783 0.56086449
101002 0.13284867 3.10084432 -0.35421441 0.32030226 -0.10330554 0.57393250
101003 0.26046058 3.13347810 -0.16559542 0.32699679 -0.08479173 0.58931692
101004 0.35812901 3.14944481 -0.03752642 0.32178952 -0.06075754 0.59778502
101005 -0.33158952 -3.08580166 0.06282130 0.32329816 -0.03757271 0.61426458
101006 -0.24868107 -3.12926687 0.22117192 0.32904259 -0.01323418 0.62530003
83 -2.33257039 -1.91560821 0.61986053 -0.03382277 0.08320986 0.25640736
84 2.42790730 1.90629368 -0.55991758 -0.03925023 0.08173138 0.27028013
85 2.49132496 1.81475415 -0.47883620 -0.04371083 0.08321094 0.27821537
86 2.56941164 1.64259937 -0.39687585 -0.05020881 0.08392651 0.28392091
87 2.67987089 1.56826325 -0.28911681 -0.05713798 0.08769758 0.28781676
88 2.73330824 1.31654145 -0.32284662 -0.06691824 0.09378409 0.31799899
234 3.06110153 -0.43675463 -0.23985193 -0.01322400 0.09028257 0.37351544
235 3.04231532 -0.45872537 -0.30775270 -0.02273131 0.06902300 0.40162922
236 3.10017905 -0.33376543 -0.25081800 -0.03045200 0.05309540 0.42440769
237 -3.07673076 0.26827546 0.17250370 -0.03303552 0.04327982 0.43041461
238 -3.04961711 0.14652813 0.09206065 -0.03149868 0.04065800 0.42301829
239 -3.07727497 0.16649365 0.04888499 -0.02832616 0.04212416 0.41687250
240 -3.06055215 0.17287735 -0.04203408 -0.02663510 0.04432998 0.40976416
241 -3.07146600 0.18697573 -0.06987726 -0.02945679 0.04679640 0.40867599
242 -3.07380807 0.19702876 -0.06684201 -0.03313263 0.05043714 0.40866640
243 -3.05285501 0.19639433 -0.05825975 -0.03451780 0.05369273 0.40713982
244 -3.05197998 0.19924107 -0.04387635 -0.03432678 0.05556969 0.40623124
245 -3.06068678 0.19476404 -0.05479311 -0.03317417 0.05609025 0.40679913
246 -3.04070577 0.19381079 -0.04439279 -0.03069543 0.05724243 0.40232453
247 -3.03651246 0.27002278 0.19216202 -0.01908964 0.06087285 0.37669671
248 -3.48280179 0.36722568 -0.64094086 0.01030287 0.06302117 0.33556322
705 -2.91692839 0.40481982 -0.00176587 -0.10694326 0.15301488 0.38145796
706 -2.94267627 0.42991679 0.12073554 -0.11079541 0.13654747 0.36528265
707 -2.95053207 0.41496248 0.14376833 -0.11947365 0.12989086 0.37534122
708 -2.97344759 0.39315709 0.23154288 -0.12756453 0.12393980 0.38066964
709 -2.97921974 0.35582792 0.27989573 -0.13222944 0.11868338 0.38113295
710 -2.98406835 0.33339401 0.34500053 -0.13454638 0.11496723 0.37872421
711 -2.97561447 0.31767618 0.35602987 -0.13405649 0.11326123 0.37592113
712 -2.98302289 0.32239254 0.34953326 -0.13321765 0.11278045 0.37442998
713 -2.98360614 0.32386992 0.34461334 -0.13129396 0.11224202 0.37111199
714 -2.98849073 0.33141321 0.33081729 -0.13030414 0.11254282 0.36970419
715 -2.99154503 0.32871812 0.34896624 -0.12980218 0.11273425 0.36849954
716 -2.99404725 0.33744078 0.35064654 -0.12979410 0.11253399 0.36886614
717 -2.99445658 0.33307847 0.33531886 -0.12991340 0.11279219 0.37063436
718 -2.99864775 0.33729122 0.33939963 -0.12971651 0.11242503 0.37000869
719 -3.00405929 0.33974295 0.31936280 -0.12950613 0.11254430 0.37045029
720 -3.01441664 0.34780040 0.34261671 -0.12833533 0.11120275 0.36677912
721 -3.01776740 0.34823232 0.33194822 -0.12772709 0.11109538 0.36596952
722 -3.02208675 0.34538504 0.34405207 -0.12706204 0.11015739 0.36347290
723 -3.02208675 0.34538504 0.34405207 -0.12706204 0.11015739 0.36347290
724 -3.01997407 0.34869048 0.35279319 -0.12714240 0.10949439 0.36318142
725 -3.01815980 0.34584885 0.33112115 -0.12670812 0.10958019 0.36382738
726 -3.02242042 0.34841575 0.31534492 -0.12637129 0.10928248 0.36384434
727 -3.02493056 0.34536807 0.33440741 -0.12587373 0.10888106 0.36259608
728 -3.02493056 0.34536807 0.33440741 -0.12587373 0.10888106 0.36259608
729 -3.02111902 0.35190745 0.34358011 -0.12502394 0.10823608 0.36085900
730 -3.02933448 0.34819047 0.31911572 -0.12496381 0.10859033 0.36261594
731 -3.03239052 0.35023464 0.32871104 -0.12450094 0.10841276 0.36114987
732 -3.03062930 0.35393026 0.33740246 -0.12459275 0.10834271 0.36090789
733 -3.02285376 0.34822762 0.33501672 -0.12493224 0.10830558 0.36109826
734 -3.02306239 0.34660251 0.31476390 -0.12479664 0.10837860 0.36176352
735 -3.02932439 0.35455057 0.33026424 -0.12511579 0.10814647 0.36166608
736 -3.02381877 0.35038608 0.33016084 -0.12519193 0.10810875 0.36189939
737 -3.01948046 0.34585590 0.32584447 -0.12538797 0.10789134 0.36251491
738 -3.02539062 0.34707241 0.33052637 -0.12554639 0.10750958 0.36331870
739 -3.02895936 0.34673227 0.33301887 -0.12596606 0.10712222 0.36406801
740 -3.02460051 0.34797727 0.35051382 -0.12623455 0.10683286 0.36256932
741 -3.02505337 0.31970957 0.42891955 -0.12679279 0.10876507 0.35971710
742 -3.00203442 0.30209688 0.51601800 -0.12653338 0.11088301 0.35546078
743 -2.97508461 0.29079967 0.51316127 -0.12626881 0.11334977 0.35688331
744 -2.97613668 0.27493118 0.43069522 -0.12486162 0.11439210 0.36017219
745 -2.99427916 0.30743137 0.29067782 -0.12156542 0.11448153 0.36340428
746 -3.00154403 0.31463425 0.21596418 -0.11880653 0.11568308 0.36256539
747 -3.01365353 0.34922721 0.23591519 -0.11570443 0.11689135 0.35635703
748 -3.00672000 0.35348607 0.28700756 -0.11357928 0.11875040 0.34883426
749 -2.99276698 0.35892042 0.30505870 -0.11317889 0.12123351 0.34582044
750 -2.99773151 0.36934766 0.24533059 -0.11317550 0.12205838 0.34659941
751 -3.00273209 0.37021674 0.14895578 -0.11315393 0.12180376 0.34865303
752 -3.00936497 0.36898730 0.08829097 -0.11370939 0.12019072 0.34816679
753 -3.02467298 0.37158716 0.08043168 -0.11570843 0.11747074 0.34626352
754 -3.02877862 0.35542556 0.08567130 -0.11716871 0.11379426 0.34075821
755 -3.03123576 0.34903214 0.04120752 -0.11669270 0.11141092 0.33534154
756 -3.03793393 0.35784729 -0.00733984 -0.11345728 0.10980450 0.32720162
757 -3.04938511 0.38124817 -0.04818464 -0.10902923 0.10992473 0.31886458
758 -3.04630359 0.39959825 -0.08458032 -0.11041933 0.11859609 0.32926636
824 3.03452245 0.09814067 -0.24366008 -0.02191102 0.03875121 0.23017421
825 2.99292230 0.09192497 -0.23685197 -0.02700079 0.03088455 0.23656135
826 2.98544698 0.10351165 -0.28747401 -0.03111839 0.03230157 0.24127592
827 3.00734454 0.12330666 -0.28435356 -0.03393141 0.03614991 0.24758718
828 3.03723536 0.14904051 -0.29119017 -0.03632174 0.03831990 0.25484586
829 3.03903950 0.16880982 -0.29133569 -0.03665761 0.03793816 0.25818198
830 3.03641895 0.18078127 -0.27499708 -0.03599587 0.03738103 0.25946902
831 3.03758597 0.17239222 -0.26961800 -0.03489430 0.03723607 0.25844903
832 3.03079172 0.16756434 -0.27337752 -0.03366735 0.03826068 0.25676764
833 3.03419629 0.15975062 -0.25404667 -0.03269170 0.03934585 0.25564215
834 3.02819323 0.15029569 -0.26739160 -0.03233805 0.04024402 0.25459214
835 3.02729157 0.15346972 -0.24244443 -0.03221703 0.04038058 0.25487419
836 3.02717735 0.15480546 -0.24765915 -0.03236764 0.04040025 0.25499657
837 3.02352587 0.15924379 -0.24855468 -0.03299841 0.03986263 0.25508864
838 3.02795632 0.16121153 -0.24746460 -0.03336724 0.03974926 0.25476059
839 3.01716301 0.16759001 -0.24942690 -0.03348826 0.03945879 0.25487454
840 3.02225090 0.17011628 -0.22855550 -0.03361698 0.03936030 0.25526566
841 3.01975630 0.17063078 -0.24600429 -0.03407664 0.03898421 0.25560704
842 3.02872390 0.17743733 -0.23178501 -0.03465816 0.03832200 0.25674245
843 3.02480289 0.18192747 -0.23370304 -0.03529188 0.03735269 0.25676550
844 3.02274938 0.17995948 -0.24076470 -0.03544534 0.03651681 0.25682295
845 3.02223753 0.17950848 -0.22813120 -0.03585736 0.03607029 0.25735537
846 3.01975135 0.18519265 -0.23977091 -0.03635019 0.03543645 0.25741876
847 3.01090115 0.18010173 -0.25016872 -0.03708417 0.03519831 0.25778487
848 3.01616766 0.19146940 -0.24740952 -0.03873870 0.03483708 0.25856437
849 3.02373941 0.20013350 -0.25757039 -0.03972443 0.03375398 0.25630208
850 3.14039245 0.13443993 -0.33253032 -0.02966063 0.03769929 0.24340855
917 -3.12390574 0.04706656 -0.44185664 -0.04802536 0.05510481 0.21266800
918 3.06860457 0.02522467 0.43837361 -0.05035016 0.04591120 0.21771379
919 3.00448026 0.02836084 0.44218040 -0.04726182 0.03959515 0.22522856
920 2.90911875 -0.09755071 0.51039208 -0.03828712 0.04827538 0.23923388
921 2.91837192 -0.15850629 0.50365787 -0.03205153 0.05904207 0.25723601
922 2.92648275 -0.15483901 0.54236378 -0.02446338 0.06150165 0.26994794
923 2.90429924 -0.15302778 0.58938242 -0.02074653 0.06215333 0.28083655
924 2.91875601 -0.16632315 0.57000679 -0.02109354 0.06312272 0.28447571
925 2.90790108 -0.16260885 0.60747753 -0.02115956 0.06307107 0.28119438
926 2.83881144 -0.17615610 0.59428540 -0.01813143 0.06316258 0.27451500
