10728 -0.17775198 0.19121403 0.59592949
10729 -0.19020559 0.18161838 0.59660419
10730 -0.20135091 0.17499399 0.60099694
10731 -0.21237124 0.17297447 0.61373349
10732 -0.21793088 0.16936338 0.61491080
10733 -0.22652072 0.17177575 0.62731001
10734 -0.21877143 0.16642126 0.60614101
10735 -0.21964162 0.17016991 0.59922103
10736 -0.22974593 0.17651268 0.61446512
10737 -0.22648488 0.17093996 0.60039866
10738 -0.23511458 0.17269113 0.61801718
10739 -0.23193168 0.16485934 0.60546736
10740 -0.23222250 0.15767209 0.60398571
10741 -0.23262286 0.14998551 0.60729929
10742 -0.23172742 0.14127597 0.60849719
10743 -0.22808876 0.13200580 0.60623068
10744 -0.22585473 0.12483827 0.61241414
10745 -0.22198536 0.11604739 0.61783649
10746 -0.21651765 0.10697743 0.61894371
10747 -0.21126101 0.09778062 0.62379662
10748 -0.20541394 0.08877459 0.62541432
10749 -0.20025902 0.08019025 0.63098670
10750 -0.19330883 0.07080014 0.63277701
10751 -0.18739000 0.06186829 0.63849753
10752 -0.18119124 0.05311506 0.64282473
10753 -0.17468621 0.04515468 0.64849260
10754 -0.16811297 0.03655129 0.65219484
10755 -0.16098373 0.02834367 0.65535788
10756 -0.15363097 0.02017544 0.65780134
10757 -0.14627317 0.01214295 0.65960391
10758 -0.13955717 0.00448172 0.66295103
10759 -0.13303862 -0.00431188 0.66707282
10760 -0.12515827 -0.01146972 0.66567840
10761 -0.11878987 -0.01857495 0.67072691
10762 -0.11249181 -0.02376958 0.67399306
10763 -0.10539395 -0.02893582 0.67250082
10764 -0.09751019 -0.03643612 0.67296916
10765 -0.09142782 -0.04223156 0.67755146
10766 -0.08534557 -0.04760230 0.67967136
10767 -0.07889322 -0.05288455 0.68190916
10768 -0.07205094 -0.05852072 0.68622815
10769 -0.06473557 -0.06349573 0.68186082
10770 -0.05794476 -0.07007579 0.68843465
10771 -0.05089388 -0.07588767 0.69297602
10772 -0.04486255 -0.08113023 0.69197686
10773 -0.03935698 -0.08619314 0.68946051
10774 -0.03381718 -0.09185887 0.69411222
10775 -0.02726088 -0.09714049 0.69015313
10776 -0.02002176 -0.10375948 0.69410116
10777 -0.01305226 -0.10917521 0.69289275
10778 -0.00469720 -0.11446125 0.68629235
10779 0.00492688 -0.12019151 0.68551709
10780 0.01581337 -0.12568293 0.68591486
10781 0.02802266 -0.13053957 0.68229811
10782 0.04146311 -0.13526818 0.68553132
10783 0.05540447 -0.13831717 0.68561453
10784 0.06991812 -0.13915440 0.68146057
10785 0.08438519 -0.13910149 0.68418414
10786 0.09921940 -0.13729278 0.68237106
10787 0.11321888 -0.13431936 0.68422592
10788 0.12640551 -0.13222022 0.68593122
10789 0.13609114 -0.12794314 0.68133065
10790 0.14745731 -0.12490247 0.68572985
10791 0.15580310 -0.12053875 0.68552565
10792 0.16570773 -0.11691032 0.69142828
10793 0.17092492 -0.11145432 0.68916705
10794 0.17786880 -0.10676796 0.69287790
10795 0.18288818 -0.10101477 0.69224911
10796 0.18990465 -0.09708716 0.69907470
10797 0.19569821 -0.09280630 0.70047414
10798 0.20092887 -0.08822874 0.70045597
10799 0.20647713 -0.08253498 0.70028978
10800 0.20920919 -0.07499620 0.69679626
10801 0.21367394 -0.06723851 0.70330042
10802 0.21303052 -0.05785033 0.69956187
10803 0.21207496 -0.04705209 0.69600187
10804 0.21116805 -0.03517849 0.69723441
10805 0.20931848 -0.02317570 0.69578628
10806 0.20724469 -0.00993696 0.69614737
10807 0.20477713 0.00190231 0.69454735
10808 0.20257493 0.01388855 0.69450479
10809 0.20163920 0.02406312 0.69957206
10810 0.19778165 0.03408345 0.69612531
10811 0.19241305 0.04444416 0.68952949
10812 0.18824080 0.05626784 0.68919474
10813 0.18218387 0.06688277 0.68562598
10814 0.17662061 0.07868767 0.68855569
10815 0.16878172 0.08940872 0.68282816
10816 0.16152078 0.10075034 0.68153232
10817 0.15593576 0.11002106 0.68344666
10818 0.14919225 0.11747957 0.68322494
10819 0.14222779 0.12311504 0.68100845
10820 0.13800461 0.12753479 0.68342030
10821 0.13174413 0.12955350 0.68014277
10822 0.12506723 0.13125077 0.67774334
10823 0.11750155 0.13422151 0.67724406
10824 0.10905664 0.13682313 0.67443117
10825 0.10041775 0.13972844 0.67450713
10826 0.09181273 0.14347018 0.67377399
10827 0.08390401 0.14541278 0.67482437
10828 0.07489815 0.14813031 0.67459949
10829 0.06294634 0.15238741 0.67225056
10830 0.04858784 0.16237635 0.67013443
