132 0.01022288 -1.31359553 0.95588040
133 0.00922204 -1.31520424 0.97025355
134 0.01057283 -1.31652260 0.96984224
135 0.00988938 -1.31781770 0.95858978
136 0.01070247 -1.31080427 0.94996396
137 0.01086261 -1.30876745 0.94937346
138 0.01058460 -1.30980875 0.95313585
139 0.00911196 -1.31613023 0.97210882
140 0.01057283 -1.31652260 0.96984224
141 0.01062055 -1.31682221 0.96833603
142 0.00841023 -1.31288990 0.95475781
143 0.01064829 -1.31724472 0.96831193
144 0.00911196 -1.31613023 0.97210882
145 0.00984758 -1.31752403 0.96017009
146 0.00915744 -1.31643255 0.97053554
147 0.00970857 -1.31526446 0.96660102
148 0.01022288 -1.31359553 0.95588040
149 0.00915744 -1.31643255 0.97053554
150 0.01014493 -1.31287679 0.95747267
151 0.00915744 -1.31643255 0.97053554
152 0.00606650 -1.31468857 0.95342804
153 0.00840124 -1.31695681 0.95655052
154 0.00836881 -1.31260493 0.95633158
155 0.00920182 -1.31673235 0.96896269
156 0.00824905 -1.31268388 0.95751784
157 0.00866163 -1.31200561 0.95544255
158 0.01021267 -1.31077250 0.95363855
159 0.01022288 -1.31359553 0.95588040
160 0.00866163 -1.31200561 0.95544255
161 0.01063339 -1.31291493 0.95380384
162 0.01066402 -1.31052268 0.95154086
163 0.01066402 -1.31052268 0.95154086
164 0.01018233 -1.31330709 0.95745748
165 0.01022288 -1.31359553 0.95588040
166 0.00840124 -1.31695681 0.95655052
167 0.00977180 -1.31398123 0.95953836
168 0.00915744 -1.31643255 0.97053554
169 0.01070247 -1.31080427 0.94996396
170 0.01022288 -1.31359553 0.95588040
171 0.01066402 -1.31052268 0.95154086
172 0.00794583 -1.31734142 0.96021071
173 0.01022288 -1.31359553 0.95588040
174 0.01021267 -1.31077250 0.95363855
175 0.00956632 -1.31576917 0.96846145
176 0.00915744 -1.31643255 0.97053554
177 0.00956632 -1.31576917 0.96846145
178 0.00956122 -1.30851406 0.94746609
179 0.01064829 -1.31724472 0.96831193
180 0.00929545 -1.31870324 0.96412440
181 0.01022288 -1.31359553 0.95588040
182 0.00930667 -1.30939492 0.94678923
183 0.00836881 -1.31260493 0.95633158
184 0.01064829 -1.31724472 0.96831193
185 0.00751430 -1.31243815 0.95481674
186 0.00243258 -1.34794393 0.97310301
187 0.00250753 -1.34825948 0.97150612
188 0.00250753 -1.34825948 0.97150612
189 0.00250753 -1.34825948 0.97150612
190 0.00250753 -1.34825948 0.97150612
191 0.00250753 -1.34825948 0.97150612
192 0.00154019 -1.34782796 0.97150140
193 0.00371251 -1.33991860 0.96619233
194 0.00250753 -1.34825948 0.97150612
195 0.00250753 -1.34825948 0.97150612
196 0.00250753 -1.34825948 0.97150612
197 0.00155951 -1.34623768 0.98509597
198 0.00243258 -1.34794393 0.97310301
199 0.00250753 -1.34825948 0.97150612
200 0.00250753 -1.34825948 0.97150612
201 0.00120486 -1.34887930 0.97075407
202 0.00120486 -1.34887930 0.97075407
203 0.00250753 -1.34825948 0.97150612
205 0.00657195 -1.34882308 0.98477911
206 0.00155052 -1.34431224 0.97159670
208 0.00155951 -1.34623768 0.98509597
209 0.00309757 -1.34951812 0.97197872
210 0.00250753 -1.34825948 0.97150612
211 0.00663769 -1.34955735 0.98322984
212 0.00250753 -1.34825948 0.97150612
213 0.00732477 -1.34942499 0.98631932
214 0.00250753 -1.34825948 0.97150612
215 0.00508176 -1.34648535 0.98398432
216 0.00291641 -1.34442700 0.97073692
217 0.00250753 -1.34825948 0.97150612
218 0.00250753 -1.34825948 0.97150612
219 0.00668725 -1.34800041 0.98451171
220 0.00250753 -1.34825948 0.97150612
221 0.00250753 -1.34825948 0.97150612
222 0.00250753 -1.34825948 0.97150612
223 0.00250753 -1.34825948 0.97150612
224 0.00250753 -1.34825948 0.97150612
225 0.00120486 -1.34887930 0.97075407
226 0.00250753 -1.34825948 0.97150612
227 0.00210654 -1.34897411 0.97399273
228 0.00095363 -1.34464721 0.97178027
229 -0.00010967 -1.34431999 0.97173090
230 0.00095363 -1.34464721 0.97178027
231 0.00079651 -1.33914863 0.95986751
232 -0.00062364 -1.34379611 0.96965225
233 -0.00220533 -1.34424348 0.97235952
234 0.00103048 -1.34495969 0.97018899
235 0.08975492 -1.29298492 1.16457217
236 0.09059621 -1.29320811 1.16586909
237 0.09092706 -1.29221239 1.16516321
238 0.08975492 -1.29298492 1.16457217
239 0.09085460 -1.29414405 1.16398275
240 0.09098127 -1.29371284 1.16233643
241 0.09023545 -1.29546578 1.16656942
242 0.09142282 -1.29396525 1.16664082
243 0.09240162 -1.29233509 1.16589228
244 0.09465097 -1.29397513 1.16588708
245 0.09433667 -1.29425556 1.16607056
247 0.09366801 -1.29360270 1.16507054
249 0.09309792 -1.29423144 1.16883222
250 0.09276986 -1.29522612 1.16954446
251 0.09236383 -1.29421279 1.16734062
252 0.09309792 -1.29423144 1.16883222
253 0.09309792 -1.29423144 1.16883222
254 0.09309792 -1.29423144 1.16883222
255 0.09305409 -1.29491315 1.16766472
256 0.09448627 -1.29507927 1.16636712
257 0.09438168 -1.29357142 1.16724311
258 0.09305409 -1.29491315 1.16766472
259 0.09256660 -1.29244282 1.16566029
260 0.09438168 -1.29357142 1.16724311
261 0.09276986 -1.29522612 1.16954446
263 0.09276986 -1.29522612 1.16954446
264 0.09354803 -1.29281495 1.16647343
265 0.09354803 -1.29281495 1.16647343
266 0.09309792 -1.29423144 1.16883222
268 0.09276986 -1.29522612 1.16954446
269 0.09228109 -1.29275865 1.16753709
270 0.09338294 -1.29391765 1.16695248
272 0.09393123 -1.29498774 1.16960961
273 0.09383266 -1.29249956 1.16459092
275 0.09420170 -1.29539216 1.16825201
277 0.09316574 -1.29406586 1.16722206
278 0.09288314 -1.29297206 1.16442221
279 0.08988252 -1.29255219 1.16293021
